#    s        x        y     Ue/Vinf    Dstar     Theta      Cf       H       H*        P         m          K          tau         Di
   0.00000  1.00000  0.00126  0.75553  0.000000  0.000000  0.000000    1.0000    2.0000  0.00000  0.00000  0.00000
   0.00350  0.99658  0.00197  0.84477  0.000000  0.000000  0.000000    1.0000    2.0000  0.00000  0.00000  0.00000
   0.00784  0.99232  0.00284  0.87254  0.000000  0.000000  0.000000    1.0000    2.0000  0.00000  0.00000  0.00000
   0.01255  0.98771  0.00378  0.89510  0.000000  0.000000  0.000000    1.0000    2.0000  0.00000  0.00000  0.00000
   0.01760  0.98275  0.00479  0.91257  0.000000  0.000000  0.000000    1.0000    2.0000  0.00000  0.00000  0.00000
   0.02301  0.97746  0.00585  0.92757  0.000000  0.000000  0.000000    1.0000    2.0000  0.00000  0.00000  0.00000
   0.02874  0.97184  0.00698  0.94085  0.000000  0.000000  0.000000    1.0000    2.0000  0.00000  0.00000  0.00000
   0.03477  0.96592  0.00815  0.95288  0.000000  0.000000  0.000000    1.0000    2.0000  0.00000  0.00000  0.00000
   0.04106  0.95975  0.00936  0.96392  0.000000  0.000000  0.000000    1.0000    2.0000  0.00000  0.00000  0.00000
   0.04756  0.95337  0.01061  0.97414  0.000000  0.000000  0.000000    1.0000    2.0000  0.00000  0.00000  0.00000
   0.05424  0.94680  0.01188  0.98367  0.000000  0.000000  0.000000    1.0000    2.0000  0.00000  0.00000  0.00000
   0.06107  0.94010  0.01316  0.99259  0.000000  0.000000  0.000000    1.0000    2.0000  0.00000  0.00000  0.00000
   0.06800  0.93329  0.01445  1.00099  0.000000  0.000000  0.000000    1.0000    2.0000  0.00000  0.00000  0.00000
   0.07502  0.92640  0.01575  1.00892  0.000000  0.000000  0.000000    1.0000    2.0000  0.00000  0.00000  0.00000
   0.08209  0.91944  0.01704  1.01644  0.000000  0.000000  0.000000    1.0000    2.0000  0.00000  0.00000  0.00000
   0.08922  0.91243  0.01833  1.02359  0.000000  0.000000  0.000000    1.0000    2.0000  0.00000  0.00000  0.00000
   0.09638  0.90539  0.01961  1.03041  0.000000  0.000000  0.000000    1.0000    2.0000  0.00000  0.00000  0.00000
   0.10356  0.89832  0.02089  1.03694  0.000000  0.000000  0.000000    1.0000    2.0000  0.00000  0.00000  0.00000
   0.11076  0.89123  0.02216  1.04320  0.000000  0.000000  0.000000    1.0000    2.0000  0.00000  0.00000  0.00000
   0.11798  0.88413  0.02341  1.04923  0.000000  0.000000  0.000000    1.0000    2.0000  0.00000  0.00000  0.00000
   0.12520  0.87701  0.02466  1.05505  0.000000  0.000000  0.000000    1.0000    2.0000  0.00000  0.00000  0.00000
   0.13244  0.86988  0.02590  1.06067  0.000000  0.000000  0.000000    1.0000    2.0000  0.00000  0.00000  0.00000
   0.13968  0.86275  0.02712  1.06612  0.000000  0.000000  0.000000    1.0000    2.0000  0.00000  0.00000  0.00000
   0.14692  0.85561  0.02833  1.07141  0.000000  0.000000  0.000000    1.0000    2.0000  0.00000  0.00000  0.00000
   0.15417  0.84846  0.02953  1.07655  0.000000  0.000000  0.000000    1.0000    2.0000  0.00000  0.00000  0.00000
   0.16141  0.84131  0.03072  1.08157  0.000000  0.000000  0.000000    1.0000    2.0000  0.00000  0.00000  0.00000
   0.16866  0.83415  0.03190  1.08646  0.000000  0.000000  0.000000    1.0000    2.0000  0.00000  0.00000  0.00000
   0.17592  0.82700  0.03306  1.09124  0.000000  0.000000  0.000000    1.0000    2.0000  0.00000  0.00000  0.00000
   0.18317  0.81984  0.03422  1.09592  0.000000  0.000000  0.000000    1.0000    2.0000  0.00000  0.00000  0.00000
   0.19042  0.81267  0.03536  1.10051  0.000000  0.000000  0.000000    1.0000    2.0000  0.00000  0.00000  0.00000
   0.19768  0.80551  0.03648  1.10501  0.000000  0.000000  0.000000    1.0000    2.0000  0.00000  0.00000  0.00000
   0.20493  0.79834  0.03760  1.10944  0.000000  0.000000  0.000000    1.0000    2.0000  0.00000  0.00000  0.00000
   0.21218  0.79117  0.03870  1.11379  0.000000  0.000000  0.000000    1.0000    2.0000  0.00000  0.00000  0.00000
   0.21944  0.78400  0.03979  1.11807  0.000000  0.000000  0.000000    1.0000    2.0000  0.00000  0.00000  0.00000
   0.22669  0.77682  0.04087  1.12230  0.000000  0.000000  0.000000    1.0000    2.0000  0.00000  0.00000  0.00000
   0.23395  0.76965  0.04194  1.12646  0.000000  0.000000  0.000000    1.0000    2.0000  0.00000  0.00000  0.00000
   0.24120  0.76247  0.04299  1.13058  0.000000  0.000000  0.000000    1.0000    2.0000  0.00000  0.00000  0.00000
   0.24845  0.75529  0.04404  1.13464  0.000000  0.000000  0.000000    1.0000    2.0000  0.00000  0.00000  0.00000
   0.25571  0.74811  0.04507  1.13866  0.000000  0.000000  0.000000    1.0000    2.0000  0.00000  0.00000  0.00000
   0.26296  0.74093  0.04608  1.14265  0.000000  0.000000  0.000000    1.0000    2.0000  0.00000  0.00000  0.00000
   0.27021  0.73375  0.04709  1.14659  0.000000  0.000000  0.000000    1.0000    2.0000  0.00000  0.00000  0.00000
   0.27746  0.72657  0.04808  1.15050  0.000000  0.000000  0.000000    1.0000    2.0000  0.00000  0.00000  0.00000
   0.28471  0.71939  0.04906  1.15437  0.000000  0.000000  0.000000    1.0000    2.0000  0.00000  0.00000  0.00000
   0.29196  0.71220  0.05003  1.15822  0.000000  0.000000  0.000000    1.0000    2.0000  0.00000  0.00000  0.00000
   0.29921  0.70502  0.05098  1.16205  0.000000  0.000000  0.000000    1.0000    2.0000  0.00000  0.00000  0.00000
   0.30646  0.69783  0.05192  1.16585  0.000000  0.000000  0.000000    1.0000    2.0000  0.00000  0.00000  0.00000
   0.31370  0.69065  0.05285  1.16963  0.000000  0.000000  0.000000    1.0000    2.0000  0.00000  0.00000  0.00000
   0.32094  0.68346  0.05377  1.17339  0.000000  0.000000  0.000000    1.0000    2.0000  0.00000  0.00000  0.00000
   0.32819  0.67627  0.05467  1.17713  0.000000  0.000000  0.000000    1.0000    2.0000  0.00000  0.00000  0.00000
   0.33543  0.66909  0.05556  1.18086  0.000000  0.000000  0.000000    1.0000    2.0000  0.00000  0.00000  0.00000
   0.34267  0.66190  0.05643  1.18457  0.000000  0.000000  0.000000    1.0000    2.0000  0.00000  0.00000  0.00000
   0.34990  0.65472  0.05729  1.18828  0.000000  0.000000  0.000000    1.0000    2.0000  0.00000  0.00000  0.00000
   0.35714  0.64753  0.05814  1.19198  0.000000  0.000000  0.000000    1.0000    2.0000  0.00000  0.00000  0.00000
   0.36437  0.64035  0.05898  1.19567  0.000000  0.000000  0.000000    1.0000    2.0000  0.00000  0.00000  0.00000
   0.37161  0.63316  0.05980  1.19935  0.000000  0.000000  0.000000    1.0000    2.0000  0.00000  0.00000  0.00000
   0.37883  0.62598  0.06061  1.20303  0.000000  0.000000  0.000000    1.0000    2.0000  0.00000  0.00000  0.00000
   0.38606  0.61879  0.06140  1.20671  0.000000  0.000000  0.000000    1.0000    2.0000  0.00000  0.00000  0.00000
   0.39329  0.61161  0.06218  1.21039  0.000000  0.000000  0.000000    1.0000    2.0000  0.00000  0.00000  0.00000
   0.40051  0.60443  0.06295  1.21407  0.000000  0.000000  0.000000    1.0000    2.0000  0.00000  0.00000  0.00000
   0.40773  0.59725  0.06370  1.21776  0.000000  0.000000  0.000000    1.0000    2.0000  0.00000  0.00000  0.00000
   0.41494  0.59007  0.06443  1.22144  0.000000  0.000000  0.000000    1.0000    2.0000  0.00000  0.00000  0.00000
   0.42216  0.58289  0.06516  1.22514  0.000000  0.000000  0.000000    1.0000    2.0000  0.00000  0.00000  0.00000
   0.42937  0.57572  0.06586  1.22884  0.000000  0.000000  0.000000    1.0000    2.0000  0.00000  0.00000  0.00000
   0.43658  0.56854  0.06656  1.23255  0.000000  0.000000  0.000000    1.0000    2.0000  0.00000  0.00000  0.00000
   0.44378  0.56137  0.06723  1.23627  0.000000  0.000000  0.000000    1.0000    2.0000  0.00000  0.00000  0.00000
   0.45098  0.55420  0.06789  1.24000  0.000000  0.000000  0.000000    1.0000    2.0000  0.00000  0.00000  0.00000
   0.45818  0.54703  0.06854  1.24374  0.000000  0.000000  0.000000    1.0000    2.0000  0.00000  0.00000  0.00000
   0.46537  0.53986  0.06917  1.24750  0.000000  0.000000  0.000000    1.0000    2.0000  0.00000  0.00000  0.00000
   0.47256  0.53270  0.06978  1.25128  0.000000  0.000000  0.000000    1.0000    2.0000  0.00000  0.00000  0.00000
   0.47975  0.52554  0.07038  1.25508  0.000000  0.000000  0.000000    1.0000    2.0000  0.00000  0.00000  0.00000
   0.48693  0.51838  0.07097  1.25889  0.000000  0.000000  0.000000    1.0000    2.0000  0.00000  0.00000  0.00000
   0.49411  0.51123  0.07153  1.26273  0.000000  0.000000  0.000000    1.0000    2.0000  0.00000  0.00000  0.00000
   0.50128  0.50407  0.07208  1.26660  0.000000  0.000000  0.000000    1.0000    2.0000  0.00000  0.00000  0.00000
   0.50845  0.49693  0.07261  1.27049  0.000000  0.000000  0.000000    1.0000    2.0000  0.00000  0.00000  0.00000
   0.51561  0.48978  0.07313  1.27441  0.000000  0.000000  0.000000    1.0000    2.0000  0.00000  0.00000  0.00000
   0.52277  0.48264  0.07362  1.27836  0.000000  0.000000  0.000000    1.0000    2.0000  0.00000  0.00000  0.00000
   0.52993  0.47550  0.07410  1.28236  0.000000  0.000000  0.000000    1.0000    2.0000  0.00000  0.00000  0.00000
   0.53707  0.46837  0.07456  1.28639  0.000000  0.000000  0.000000    1.0000    2.0000  0.00000  0.00000  0.00000
   0.54421  0.46124  0.07501  1.29046  0.000000  0.000000  0.000000    1.0000    2.0000  0.00000  0.00000  0.00000
   0.55135  0.45412  0.07543  1.29459  0.000000  0.000000  0.000000    1.0000    2.0000  0.00000  0.00000  0.00000
   0.55848  0.44701  0.07584  1.29877  0.000000  0.000000  0.000000    1.0000    2.0000  0.00000  0.00000  0.00000
   0.56560  0.43990  0.07622  1.30301  0.000000  0.000000  0.000000    1.0000    2.0000  0.00000  0.00000  0.00000
   0.57270  0.43280  0.07659  1.30734  0.000000  0.000000  0.000000    1.0000    2.0000  0.00000  0.00000  0.00000
   0.57980  0.42571  0.07694  1.31176  0.000000  0.000000  0.000000    1.0000    2.0000  0.00000  0.00000  0.00000
   0.58689  0.41863  0.07727  1.31627  0.000000  0.000000  0.000000    1.0000    2.0000  0.00000  0.00000  0.00000
   0.59396  0.41156  0.07757  1.32099  0.000000  0.000000  0.000000    1.0000    2.0000  0.00000  0.00000  0.00000
   0.60102  0.40451  0.07786  1.32597  0.000000  0.000000  0.000000    1.0000    2.0000  0.00000  0.00000  0.00000
   0.60805  0.39749  0.07812  1.33151  0.000000  0.000000  0.000000    1.0000    2.0000  0.00000  0.00000  0.00000
   0.61505  0.39049  0.07836  1.33690  0.000000  0.000000  0.000000    1.0000    2.0000  0.00000  0.00000  0.00000
   0.62203  0.38351  0.07857  1.34158  0.000000  0.000000  0.000000    1.0000    2.0000  0.00000  0.00000  0.00000
   0.62900  0.37654  0.07875  1.34615  0.000000  0.000000  0.000000    1.0000    2.0000  0.00000  0.00000  0.00000
   0.63595  0.36959  0.07890  1.35067  0.000000  0.000000  0.000000    1.0000    2.0000  0.00000  0.00000  0.00000
   0.64290  0.36265  0.07902  1.35507  0.000000  0.000000  0.000000    1.0000    2.0000  0.00000  0.00000  0.00000
   0.64982  0.35572  0.07912  1.35940  0.000000  0.000000  0.000000    1.0000    2.0000  0.00000  0.00000  0.00000
   0.65674  0.34880  0.07918  1.36368  0.000000  0.000000  0.000000    1.0000    2.0000  0.00000  0.00000  0.00000
   0.66365  0.34190  0.07922  1.36791  0.000000  0.000000  0.000000    1.0000    2.0000  0.00000  0.00000  0.00000
   0.67055  0.33500  0.07922  1.37210  0.000000  0.000000  0.000000    1.0000    2.0000  0.00000  0.00000  0.00000
   0.67744  0.32811  0.07920  1.37626  0.000000  0.000000  0.000000    1.0000    2.0000  0.00000  0.00000  0.00000
   0.68431  0.32124  0.07914  1.38039  0.000000  0.000000  0.000000    1.0000    2.0000  0.00000  0.00000  0.00000
   0.69118  0.31437  0.07905  1.38450  0.000000  0.000000  0.000000    1.0000    2.0000  0.00000  0.00000  0.00000
   0.69803  0.30752  0.07893  1.38858  0.000000  0.000000  0.000000    1.0000    2.0000  0.00000  0.00000  0.00000
   0.70488  0.30067  0.07878  1.39264  0.000000  0.000000  0.000000    1.0000    2.0000  0.00000  0.00000  0.00000
   0.71171  0.29384  0.07860  1.39669  0.000000  0.000000  0.000000    1.0000    2.0000  0.00000  0.00000  0.00000
   0.71853  0.28702  0.07838  1.40072  0.000000  0.000000  0.000000    1.0000    2.0000  0.00000  0.00000  0.00000
   0.72534  0.28022  0.07813  1.40474  0.000000  0.000000  0.000000    1.0000    2.0000  0.00000  0.00000  0.00000
   0.73214  0.27343  0.07785  1.40875  0.000000  0.000000  0.000000    1.0000    2.0000  0.00000  0.00000  0.00000
   0.73892  0.26665  0.07753  1.41275  0.000000  0.000000  0.000000    1.0000    2.0000  0.00000  0.00000  0.00000
   0.74569  0.25989  0.07718  1.41675  0.000000  0.000000  0.000000    1.0000    2.0000  0.00000  0.00000  0.00000
   0.75245  0.25315  0.07679  1.42074  0.000000  0.000000  0.000000    1.0000    2.0000  0.00000  0.00000  0.00000
   0.75919  0.24642  0.07637  1.42473  0.000000  0.000000  0.000000    1.0000    2.0000  0.00000  0.00000  0.00000
   0.76591  0.23971  0.07591  1.42873  0.000000  0.000000  0.000000    1.0000    2.0000  0.00000  0.00000  0.00000
   0.77262  0.23302  0.07541  1.43273  0.000000  0.000000  0.000000    1.0000    2.0000  0.00000  0.00000  0.00000
   0.77931  0.22635  0.07488  1.43674  0.000000  0.000000  0.000000    1.0000    2.0000  0.00000  0.00000  0.00000
   0.78598  0.21971  0.07431  1.44076  0.000000  0.000000  0.000000    1.0000    2.0000  0.00000  0.00000  0.00000
   0.79263  0.21308  0.07370  1.44479  0.000000  0.000000  0.000000    1.0000    2.0000  0.00000  0.00000  0.00000
   0.79927  0.20648  0.07305  1.44884  0.000000  0.000000  0.000000    1.0000    2.0000  0.00000  0.00000  0.00000
   0.80588  0.19991  0.07237  1.45291  0.000000  0.000000  0.000000    1.0000    2.0000  0.00000  0.00000  0.00000
   0.81246  0.19336  0.07164  1.45701  0.000000  0.000000  0.000000    1.0000    2.0000  0.00000  0.00000  0.00000
   0.81902  0.18685  0.07087  1.46113  0.000000  0.000000  0.000000    1.0000    2.0000  0.00000  0.00000  0.00000
   0.82555  0.18037  0.07006  1.46529  0.000000  0.000000  0.000000    1.0000    2.0000  0.00000  0.00000  0.00000
   0.83206  0.17392  0.06921  1.46949  0.000000  0.000000  0.000000    1.0000    2.0000  0.00000  0.00000  0.00000
   0.83853  0.16751  0.06832  1.47373  0.000000  0.000000  0.000000    1.0000    2.0000  0.00000  0.00000  0.00000
   0.84496  0.16114  0.06739  1.47802  0.000000  0.000000  0.000000    1.0000    2.0000  0.00000  0.00000  0.00000
   0.85136  0.15482  0.06642  1.48237  0.000000  0.000000  0.000000    1.0000    2.0000  0.00000  0.00000  0.00000
   0.85771  0.14855  0.06540  1.48678  0.000000  0.000000  0.000000    1.0000    2.0000  0.00000  0.00000  0.00000
   0.86402  0.14233  0.06434  1.49126  0.000000  0.000000  0.000000    1.0000    2.0000  0.00000  0.00000  0.00000
   0.87028  0.13617  0.06324  1.49582  0.000000  0.000000  0.000000    1.0000    2.0000  0.00000  0.00000  0.00000
   0.87647  0.13008  0.06210  1.50047  0.000000  0.000000  0.000000    1.0000    2.0000  0.00000  0.00000  0.00000
   0.88260  0.12407  0.06091  1.50521  0.000000  0.000000  0.000000    1.0000    2.0000  0.00000  0.00000  0.00000
   0.88866  0.11814  0.05969  1.51005  0.000000  0.000000  0.000000    1.0000    2.0000  0.00000  0.00000  0.00000
   0.89463  0.11230  0.05843  1.51500  0.000000  0.000000  0.000000    1.0000    2.0000  0.00000  0.00000  0.00000
   0.90051  0.10656  0.05714  1.52006  0.000000  0.000000  0.000000    1.0000    2.0000  0.00000  0.00000  0.00000
   0.90628  0.10095  0.05581  1.52524  0.000000  0.000000  0.000000    1.0000    2.0000  0.00000  0.00000  0.00000
   0.91194  0.09546  0.05445  1.53054  0.000000  0.000000  0.000000    1.0000    2.0000  0.00000  0.00000  0.00000
   0.91746  0.09011  0.05307  1.53597  0.000000  0.000000  0.000000    1.0000    2.0000  0.00000  0.00000  0.00000
   0.92284  0.08492  0.05166  1.54152  0.000000  0.000000  0.000000    1.0000    2.0000  0.00000  0.00000  0.00000
   0.92806  0.07990  0.05024  1.54719  0.000000  0.000000  0.000000    1.0000    2.0000  0.00000  0.00000  0.00000
   0.93310  0.07506  0.04881  1.55298  0.000000  0.000000  0.000000    1.0000    2.0000  0.00000  0.00000  0.00000
   0.93796  0.07041  0.04738  1.55887  0.000000  0.000000  0.000000    1.0000    2.0000  0.00000  0.00000  0.00000
   0.94263  0.06597  0.04595  1.56485  0.000000  0.000000  0.000000    1.0000    2.0000  0.00000  0.00000  0.00000
   0.94709  0.06174  0.04453  1.57090  0.000000  0.000000  0.000000    1.0000    2.0000  0.00000  0.00000  0.00000
   0.95135  0.05772  0.04312  1.57702  0.000000  0.000000  0.000000    1.0000    2.0000  0.00000  0.00000  0.00000
   0.95540  0.05392  0.04173  1.58318  0.000000  0.000000  0.000000    1.0000    2.0000  0.00000  0.00000  0.00000
   0.95925  0.05033  0.04036  1.58937  0.000000  0.000000  0.000000    1.0000    2.0000  0.00000  0.00000  0.00000
   0.96289  0.04694  0.03902  1.59556  0.000000  0.000000  0.000000    1.0000    2.0000  0.00000  0.00000  0.00000
   0.96633  0.04376  0.03770  1.60175  0.000000  0.000000  0.000000    1.0000    2.0000  0.00000  0.00000  0.00000
   0.96958  0.04077  0.03642  1.60791  0.000000  0.000000  0.000000    1.0000    2.0000  0.00000  0.00000  0.00000
   0.97266  0.03796  0.03516  1.61401  0.000000  0.000000  0.000000    1.0000    2.0000  0.00000  0.00000  0.00000
   0.97556  0.03533  0.03394  1.62005  0.000000  0.000000  0.000000    1.0000    2.0000  0.00000  0.00000  0.00000
   0.97830  0.03286  0.03274  1.62602  0.000000  0.000000  0.000000    1.0000    2.0000  0.00000  0.00000  0.00000
   0.98090  0.03055  0.03157  1.63186  0.000000  0.000000  0.000000    1.0000    2.0000  0.00000  0.00000  0.00000
   0.98335  0.02837  0.03043  1.63761  0.000000  0.000000  0.000000    1.0000    2.0000  0.00000  0.00000  0.00000
   0.98568  0.02633  0.02932  1.64319  0.000000  0.000000  0.000000    1.0000    2.0000  0.00000  0.00000  0.00000
   0.98789  0.02441  0.02823  1.64861  0.000000  0.000000  0.000000    1.0000    2.0000  0.00000  0.00000  0.00000
   0.98998  0.02260  0.02717  1.65384  0.000000  0.000000  0.000000    1.0000    2.0000  0.00000  0.00000  0.00000
   0.99198  0.02091  0.02612  1.65881  0.000000  0.000000  0.000000    1.0000    2.0000  0.00000  0.00000  0.00000
   0.99387  0.01931  0.02510  1.66356  0.000000  0.000000  0.000000    1.0000    2.0000  0.00000  0.00000  0.00000
   0.99568  0.01780  0.02410  1.66794  0.000000  0.000000  0.000000    1.0000    2.0000  0.00000  0.00000  0.00000
   0.99741  0.01638  0.02311  1.67204  0.000000  0.000000  0.000000    1.0000    2.0000  0.00000  0.00000  0.00000
   0.99907  0.01504  0.02214  1.67564  0.000000  0.000000  0.000000    1.0000    2.0000  0.00000  0.00000  0.00000
   1.00065  0.01378  0.02118  1.67885  0.000000  0.000000  0.000000    1.0000    2.0000  0.00000  0.00000  0.00000
   1.00217  0.01259  0.02024  1.68141  0.000000  0.000000  0.000000    1.0000    2.0000  0.00000  0.00000  0.00000
   1.00363  0.01146  0.01931  1.68341  0.000000  0.000000  0.000000    1.0000    2.0000  0.00000  0.00000  0.00000
   1.00503  0.01040  0.01839  1.68459  0.000000  0.000000  0.000000    1.0000    2.0000  0.00000  0.00000  0.00000
   1.00638  0.00941  0.01748  1.68494  0.000000  0.000000  0.000000    1.0000    2.0000  0.00000  0.00000  0.00000
   1.00769  0.00847  0.01657  1.68429  0.000000  0.000000  0.000000    1.0000    2.0000  0.00000  0.00000  0.00000
   1.00895  0.00758  0.01568  1.68243  0.000000  0.000000  0.000000    1.0000    2.0000  0.00000  0.00000  0.00000
   1.01016  0.00675  0.01479  1.67934  0.000000  0.000000  0.000000    1.0000    2.0000  0.00000  0.00000  0.00000
   1.01134  0.00598  0.01390  1.67456  0.000000  0.000000  0.000000    1.0000    2.0000  0.00000  0.00000  0.00000
   1.01248  0.00525  0.01302  1.66819  0.000000  0.000000  0.000000    1.0000    2.0000  0.00000  0.00000  0.00000
   1.01359  0.00457  0.01215  1.65964  0.000000  0.000000  0.000000    1.0000    2.0000  0.00000  0.00000  0.00000
   1.01466  0.00394  0.01128  1.64893  0.000000  0.000000  0.000000    1.0000    2.0000  0.00000  0.00000  0.00000
   1.01571  0.00336  0.01041  1.63558  0.000000  0.000000  0.000000    1.0000    2.0000  0.00000  0.00000  0.00000
   1.01673  0.00283  0.00954  1.61934  0.000000  0.000000  0.000000    1.0000    2.0000  0.00000  0.00000  0.00000
   1.01772  0.00234  0.00868  1.59995  0.000000  0.000000  0.000000    1.0000    2.0000  0.00000  0.00000  0.00000
   1.01868  0.00190  0.00782  1.57698  0.000000  0.000000  0.000000    1.0000    2.0000  0.00000  0.00000  0.00000
   1.01963  0.00151  0.00696  1.55024  0.000000  0.000000  0.000000    1.0000    2.0000  0.00000  0.00000  0.00000
   1.02055  0.00116  0.00611  1.51950  0.000000  0.000000  0.000000    1.0000    2.0000  0.00000  0.00000  0.00000
   1.02145  0.00086  0.00526  1.48440  0.000000  0.000000  0.000000    1.0000    2.0000  0.00000  0.00000  0.00000
   1.02233  0.00061  0.00441  1.44517  0.000000  0.000000  0.000000    1.0000    2.0000  0.00000  0.00000  0.00000
   1.02319  0.00040  0.00358  1.40146  0.000000  0.000000  0.000000    1.0000    2.0000  0.00000  0.00000  0.00000
   1.02404  0.00024  0.00274  1.35353  0.000000  0.000000  0.000000    1.0000    2.0000  0.00000  0.00000  0.00000
   1.02487  0.00012  0.00192  1.30190  0.000000  0.000000  0.000000    1.0000    2.0000  0.00000  0.00000  0.00000
   1.02569  0.00004  0.00111  1.24674  0.000000  0.000000  0.000000    1.0000    2.0000  0.00000  0.00000  0.00000
   1.02648  0.00000  0.00031  1.18926  0.000000  0.000000  0.000000    1.0000    2.0000  0.00000  0.00000  0.00000
   1.02727  0.00001 -0.00048  1.12929  0.000000  0.000000  0.000000    1.0000    2.0000  0.00000  0.00000  0.00000
   1.02807  0.00005 -0.00127  1.06611  0.000000  0.000000  0.000000    1.0000    2.0000  0.00000  0.00000  0.00000
   1.02888  0.00014 -0.00208  0.99901  0.000000  0.000000  0.000000    1.0000    2.0000  0.00000  0.00000  0.00000
   1.02971  0.00027 -0.00290  0.92780  0.000000  0.000000  0.000000    1.0000    2.0000  0.00000  0.00000  0.00000
   1.03055  0.00045 -0.00372  0.85387  0.000000  0.000000  0.000000    1.0000    2.0000  0.00000  0.00000  0.00000
   1.03141  0.00069 -0.00454  0.77745  0.000000  0.000000  0.000000    1.0000    2.0000  0.00000  0.00000  0.00000
   1.03228  0.00097 -0.00537  0.69961  0.000000  0.000000  0.000000    1.0000    2.0000  0.00000  0.00000  0.00000
   1.03316  0.00130 -0.00619  0.62107  0.000000  0.000000  0.000000    1.0000    2.0000  0.00000  0.00000  0.00000
   1.03407  0.00168 -0.00701  0.54266  0.000000  0.000000  0.000000    1.0000    2.0000  0.00000  0.00000  0.00000
   1.03499  0.00212 -0.00782  0.46535  0.000000  0.000000  0.000000    1.0000    2.0000  0.00000  0.00000  0.00000
   1.03593  0.00260 -0.00863  0.38972  0.000000  0.000000  0.000000    1.0000    2.0000  0.00000  0.00000  0.00000
   1.03690  0.00314 -0.00943  0.31644  0.000000  0.000000  0.000000    1.0000    2.0000  0.00000  0.00000  0.00000
   1.03789  0.00373 -0.01022  0.24592  0.000000  0.000000  0.000000    1.0000    2.0000  0.00000  0.00000  0.00000
   1.03890  0.00437 -0.01100  0.17848  0.000000  0.000000  0.000000    1.0000    2.0000  0.00000  0.00000  0.00000
   1.03993  0.00506 -0.01178  0.11432  0.000000  0.000000  0.000000    1.0000    2.0000  0.00000  0.00000  0.00000
   1.04100  0.00580 -0.01254  0.05350  0.000000  0.000000  0.000000    1.0000    2.0000  0.00000  0.00000  0.00000
   1.04210  0.00659 -0.01330 -0.00394  0.000000  0.000000  0.000000    1.0000    2.0000  0.00000 -0.00000 -0.00000
   1.04323  0.00744 -0.01405 -0.05810  0.000000  0.000000  0.000000    1.0000    2.0000  0.00000 -0.00000 -0.00000
   1.04439  0.00833 -0.01479 -0.10907  0.000000  0.000000  0.000000    1.0000    2.0000  0.00000 -0.00000 -0.00000
   1.04559  0.00928 -0.01553 -0.15700  0.000000  0.000000  0.000000    1.0000    2.0000  0.00000 -0.00000 -0.00000
   1.04683  0.01029 -0.01625 -0.20205  0.000000  0.000000  0.000000    1.0000    2.0000  0.00000 -0.00000 -0.00000
   1.04811  0.01135 -0.01698 -0.24441  0.000000  0.000000  0.000000    1.0000    2.0000  0.00000 -0.00000 -0.00000
   1.04945  0.01247 -0.01769 -0.28423  0.000000  0.000000  0.000000    1.0000    2.0000  0.00000 -0.00000 -0.00000
   1.05083  0.01366 -0.01840 -0.32171  0.000000  0.000000  0.000000    1.0000    2.0000  0.00000 -0.00000 -0.00000
   1.05226  0.01490 -0.01911 -0.35698  0.000000  0.000000  0.000000    1.0000    2.0000  0.00000 -0.00000 -0.00000
   1.05375  0.01622 -0.01982 -0.39026  0.000000  0.000000  0.000000    1.0000    2.0000  0.00000 -0.00000 -0.00000
   1.05531  0.01761 -0.02052 -0.42163  0.000000  0.000000  0.000000    1.0000    2.0000  0.00000 -0.00000 -0.00000
   1.05693  0.01907 -0.02122 -0.45130  0.000000  0.000000  0.000000    1.0000    2.0000  0.00000 -0.00000 -0.00000
   1.05863  0.02061 -0.02192 -0.47934  0.000000  0.000000  0.000000    1.0000    2.0000  0.00000 -0.00000 -0.00000
   1.06040  0.02225 -0.02262 -0.50592  0.000000  0.000000  0.000000    1.0000    2.0000  0.00000 -0.00000 -0.00000
   1.06227  0.02397 -0.02332 -0.53111  0.000000  0.000000  0.000000    1.0000    2.0000  0.00000 -0.00000 -0.00000
   1.06422  0.02580 -0.02403 -0.55505  0.000000  0.000000  0.000000    1.0000    2.0000  0.00000 -0.00000 -0.00000
   1.06628  0.02773 -0.02473 -0.57778  0.000000  0.000000  0.000000    1.0000    2.0000  0.00000 -0.00000 -0.00000
   1.06845  0.02978 -0.02544 -0.59943  0.000000  0.000000  0.000000    1.0000    2.0000  0.00000 -0.00000 -0.00000
   1.07073  0.03195 -0.02615 -0.62004  0.000000  0.000000  0.000000    1.0000    2.0000  0.00000 -0.00000 -0.00000
   1.07315  0.03426 -0.02686 -0.63969  0.000000  0.000000  0.000000    1.0000    2.0000  0.00000 -0.00000 -0.00000
   1.07571  0.03672 -0.02758 -0.65843  0.000000  0.000000  0.000000    1.0000    2.0000  0.00000 -0.00000 -0.00000
   1.07842  0.03933 -0.02830 -0.67631  0.000000  0.000000  0.000000    1.0000    2.0000  0.00000 -0.00000 -0.00000
   1.08129  0.04211 -0.02902 -0.69337  0.000000  0.000000  0.000000    1.0000    2.0000  0.00000 -0.00000 -0.00000
   1.08435  0.04508 -0.02975 -0.70965  0.000000  0.000000  0.000000    1.0000    2.0000  0.00000 -0.00000 -0.00000
   1.08759  0.04824 -0.03047 -0.72517  0.000000  0.000000  0.000000    1.0000    2.0000  0.00000 -0.00000 -0.00000
   1.09103  0.05160 -0.03120 -0.73995  0.000000  0.000000  0.000000    1.0000    2.0000  0.00000 -0.00000 -0.00000
   1.09468  0.05518 -0.03192 -0.75401  0.000000  0.000000  0.000000    1.0000    2.0000  0.00000 -0.00000 -0.00000
   1.09856  0.05899 -0.03264 -0.76735  0.000000  0.000000  0.000000    1.0000    2.0000  0.00000 -0.00000 -0.00000
   1.10266  0.06303 -0.03336 -0.77998  0.000000  0.000000  0.000000    1.0000    2.0000  0.00000 -0.00000 -0.00000
   1.10700  0.06731 -0.03406 -0.79191  0.000000  0.000000  0.000000    1.0000    2.0000  0.00000 -0.00000 -0.00000
   1.11157  0.07183 -0.03475 -0.80314  0.000000  0.000000  0.000000    1.0000    2.0000  0.00000 -0.00000 -0.00000
   1.11637  0.07658 -0.03542 -0.81367  0.000000  0.000000  0.000000    1.0000    2.0000  0.00000 -0.00000 -0.00000
   1.12140  0.08157 -0.03607 -0.82351  0.000000  0.000000  0.000000    1.0000    2.0000  0.00000 -0.00000 -0.00000
   1.12664  0.08677 -0.03670 -0.83267  0.000000  0.000000  0.000000    1.0000    2.0000  0.00000 -0.00000 -0.00000
   1.13209  0.09219 -0.03730 -0.84117  0.000000  0.000000  0.000000    1.0000    2.0000  0.00000 -0.00000 -0.00000
   1.13772  0.09779 -0.03787 -0.84903  0.000000  0.000000  0.000000    1.0000    2.0000  0.00000 -0.00000 -0.00000
   1.14353  0.10357 -0.03840 -0.85628  0.000000  0.000000  0.000000    1.0000    2.0000  0.00000 -0.00000 -0.00000
   1.14949  0.10951 -0.03891 -0.86294  0.000000  0.000000  0.000000    1.0000    2.0000  0.00000 -0.00000 -0.00000
   1.15559  0.11560 -0.03937 -0.86906  0.000000  0.000000  0.000000    1.0000    2.0000  0.00000 -0.00000 -0.00000
   1.16182  0.12181 -0.03980 -0.87465  0.000000  0.000000  0.000000    1.0000    2.0000  0.00000 -0.00000 -0.00000
   1.16816  0.12814 -0.04020 -0.87978  0.000000  0.000000  0.000000    1.0000    2.0000  0.00000 -0.00000 -0.00000
   1.17459  0.13456 -0.04056 -0.88446  0.000000  0.000000  0.000000    1.0000    2.0000  0.00000 -0.00000 -0.00000
   1.18112  0.14108 -0.04088 -0.88873  0.000000  0.000000  0.000000    1.0000    2.0000  0.00000 -0.00000 -0.00000
   1.18771  0.14767 -0.04117 -0.89263  0.000000  0.000000  0.000000    1.0000    2.0000  0.00000 -0.00000 -0.00000
   1.19438  0.15433 -0.04143 -0.89618  0.000000  0.000000  0.000000    1.0000    2.0000  0.00000 -0.00000 -0.00000
   1.20111  0.16106 -0.04165 -0.89942  0.000000  0.000000  0.000000    1.0000    2.0000  0.00000 -0.00000 -0.00000
   1.20789  0.16784 -0.04184 -0.90238  0.000000  0.000000  0.000000    1.0000    2.0000  0.00000 -0.00000 -0.00000
   1.21472  0.17467 -0.04201 -0.90507  0.000000  0.000000  0.000000    1.0000    2.0000  0.00000 -0.00000 -0.00000
   1.22160  0.18154 -0.04214 -0.90753  0.000000  0.000000  0.000000    1.0000    2.0000  0.00000 -0.00000 -0.00000
   1.22851  0.18845 -0.04225 -0.90977  0.000000  0.000000  0.000000    1.0000    2.0000  0.00000 -0.00000 -0.00000
   1.23547  0.19541 -0.04233 -0.91181  0.000000  0.000000  0.000000    1.0000    2.0000  0.00000 -0.00000 -0.00000
   1.24245  0.20239 -0.04239 -0.91366  0.000000  0.000000  0.000000    1.0000    2.0000  0.00000 -0.00000 -0.00000
   1.24947  0.20941 -0.04243 -0.91536  0.000000  0.000000  0.000000    1.0000    2.0000  0.00000 -0.00000 -0.00000
   1.25651  0.21645 -0.04244 -0.91690  0.000000  0.000000  0.000000    1.0000    2.0000  0.00000 -0.00000 -0.00000
   1.26359  0.22353 -0.04243 -0.91831  0.000000  0.000000  0.000000    1.0000    2.0000  0.00000 -0.00000 -0.00000
   1.27068  0.23062 -0.04240 -0.91960  0.000000  0.000000  0.000000    1.0000    2.0000  0.00000 -0.00000 -0.00000
   1.27780  0.23774 -0.04235 -0.92077  0.000000  0.000000  0.000000    1.0000    2.0000  0.00000 -0.00000 -0.00000
   1.28495  0.24488 -0.04228 -0.92183  0.000000  0.000000  0.000000    1.0000    2.0000  0.00000 -0.00000 -0.00000
   1.29211  0.25205 -0.04220 -0.92281  0.000000  0.000000  0.000000    1.0000    2.0000  0.00000 -0.00000 -0.00000
   1.29929  0.25923 -0.04210 -0.92370  0.000000  0.000000  0.000000    1.0000    2.0000  0.00000 -0.00000 -0.00000
   1.30649  0.26643 -0.04198 -0.92451  0.000000  0.000000  0.000000    1.0000    2.0000  0.00000 -0.00000 -0.00000
   1.31371  0.27364 -0.04185 -0.92526  0.000000  0.000000  0.000000    1.0000    2.0000  0.00000 -0.00000 -0.00000
   1.32094  0.28088 -0.04171 -0.92595  0.000000  0.000000  0.000000    1.0000    2.0000  0.00000 -0.00000 -0.00000
   1.32819  0.28813 -0.04155 -0.92658  0.000000  0.000000  0.000000    1.0000    2.0000  0.00000 -0.00000 -0.00000
   1.33546  0.29539 -0.04138 -0.92717  0.000000  0.000000  0.000000    1.0000    2.0000  0.00000 -0.00000 -0.00000
   1.34274  0.30267 -0.04120 -0.92772  0.000000  0.000000  0.000000    1.0000    2.0000  0.00000 -0.00000 -0.00000
   1.35003  0.30996 -0.04101 -0.92823  0.000000  0.000000  0.000000    1.0000    2.0000  0.00000 -0.00000 -0.00000
   1.35734  0.31726 -0.04081 -0.92871  0.000000  0.000000  0.000000    1.0000    2.0000  0.00000 -0.00000 -0.00000
   1.36465  0.32457 -0.04059 -0.92918  0.000000  0.000000  0.000000    1.0000    2.0000  0.00000 -0.00000 -0.00000
   1.37198  0.33190 -0.04037 -0.92963  0.000000  0.000000  0.000000    1.0000    2.0000  0.00000 -0.00000 -0.00000
   1.37932  0.33923 -0.04015 -0.93007  0.000000  0.000000  0.000000    1.0000    2.0000  0.00000 -0.00000 -0.00000
   1.38667  0.34658 -0.03991 -0.93050  0.000000  0.000000  0.000000    1.0000    2.0000  0.00000 -0.00000 -0.00000
   1.39403  0.35393 -0.03967 -0.93095  0.000000  0.000000  0.000000    1.0000    2.0000  0.00000 -0.00000 -0.00000
   1.40139  0.36129 -0.03942 -0.93141  0.000000  0.000000  0.000000    1.0000    2.0000  0.00000 -0.00000 -0.00000
   1.40877  0.36866 -0.03916 -0.93190  0.000000  0.000000  0.000000    1.0000    2.0000  0.00000 -0.00000 -0.00000
   1.41614  0.37603 -0.03890 -0.93246  0.000000  0.000000  0.000000    1.0000    2.0000  0.00000 -0.00000 -0.00000
   1.42352  0.38340 -0.03864 -0.93305  0.000000  0.000000  0.000000    1.0000    2.0000  0.00000 -0.00000 -0.00000
   1.43089  0.39078 -0.03837 -0.93370  0.000000  0.000000  0.000000    1.0000    2.0000  0.00000 -0.00000 -0.00000
   1.43826  0.39814 -0.03810 -0.93490  0.000000  0.000000  0.000000    1.0000    2.0000  0.00000 -0.00000 -0.00000
   1.44562  0.40549 -0.03782 -0.93610  0.000000  0.000000  0.000000    1.0000    2.0000  0.00000 -0.00000 -0.00000
   1.45296  0.41283 -0.03754 -0.93690  0.000000  0.000000  0.000000    1.0000    2.0000  0.00000 -0.00000 -0.00000
   1.46030  0.42016 -0.03724 -0.93748  0.000000  0.000000  0.000000    1.0000    2.0000  0.00000 -0.00000 -0.00000
   1.46764  0.42749 -0.03694 -0.93792  0.000000  0.000000  0.000000    1.0000    2.0000  0.00000 -0.00000 -0.00000
   1.47498  0.43483 -0.03662 -0.93829  0.000000  0.000000  0.000000    1.0000    2.0000  0.00000 -0.00000 -0.00000
   1.48232  0.44216 -0.03630 -0.93858  0.000000  0.000000  0.000000    1.0000    2.0000  0.00000 -0.00000 -0.00000
   1.48966  0.44950 -0.03597 -0.93880  0.000000  0.000000  0.000000    1.0000    2.0000  0.00000 -0.00000 -0.00000
   1.49701  0.45684 -0.03563 -0.93897  0.000000  0.000000  0.000000    1.0000    2.0000  0.00000 -0.00000 -0.00000
   1.50436  0.46418 -0.03528 -0.93910  0.000000  0.000000  0.000000    1.0000    2.0000  0.00000 -0.00000 -0.00000
   1.51172  0.47153 -0.03493 -0.93919  0.000000  0.000000  0.000000    1.0000    2.0000  0.00000 -0.00000 -0.00000
   1.51908  0.47888 -0.03457 -0.93924  0.000000  0.000000  0.000000    1.0000    2.0000  0.00000 -0.00000 -0.00000
   1.52645  0.48624 -0.03420 -0.93925  0.000000  0.000000  0.000000    1.0000    2.0000  0.00000 -0.00000 -0.00000
   1.53382  0.49360 -0.03383 -0.93924  0.000000  0.000000  0.000000    1.0000    2.0000  0.00000 -0.00000 -0.00000
   1.54120  0.50097 -0.03345 -0.93920  0.000000  0.000000  0.000000    1.0000    2.0000  0.00000 -0.00000 -0.00000
   1.54858  0.50834 -0.03306 -0.93914  0.000000  0.000000  0.000000    1.0000    2.0000  0.00000 -0.00000 -0.00000
   1.55596  0.51571 -0.03267 -0.93905  0.000000  0.000000  0.000000    1.0000    2.0000  0.00000 -0.00000 -0.00000
   1.56335  0.52309 -0.03227 -0.93894  0.000000  0.000000  0.000000    1.0000    2.0000  0.00000 -0.00000 -0.00000
   1.57075  0.53047 -0.03186 -0.93882  0.000000  0.000000  0.000000    1.0000    2.0000  0.00000 -0.00000 -0.00000
   1.57814  0.53786 -0.03146 -0.93868  0.000000  0.000000  0.000000    1.0000    2.0000  0.00000 -0.00000 -0.00000
   1.58555  0.54525 -0.03104 -0.93852  0.000000  0.000000  0.000000    1.0000    2.0000  0.00000 -0.00000 -0.00000
   1.59295  0.55264 -0.03062 -0.93835  0.000000  0.000000  0.000000    1.0000    2.0000  0.00000 -0.00000 -0.00000
   1.60036  0.56004 -0.03020 -0.93816  0.000000  0.000000  0.000000    1.0000    2.0000  0.00000 -0.00000 -0.00000
   1.60777  0.56744 -0.02978 -0.93796  0.000000  0.000000  0.000000    1.0000    2.0000  0.00000 -0.00000 -0.00000
   1.61519  0.57485 -0.02934 -0.93775  0.000000  0.000000  0.000000    1.0000    2.0000  0.00000 -0.00000 -0.00000
   1.62261  0.58225 -0.02891 -0.93753  0.000000  0.000000  0.000000    1.0000    2.0000  0.00000 -0.00000 -0.00000
   1.63003  0.58966 -0.02847 -0.93730  0.000000  0.000000  0.000000    1.0000    2.0000  0.00000 -0.00000 -0.00000
   1.63746  0.59707 -0.02803 -0.93705  0.000000  0.000000  0.000000    1.0000    2.0000  0.00000 -0.00000 -0.00000
   1.64489  0.60449 -0.02759 -0.93680  0.000000  0.000000  0.000000    1.0000    2.0000  0.00000 -0.00000 -0.00000
   1.65232  0.61191 -0.02714 -0.93654  0.000000  0.000000  0.000000    1.0000    2.0000  0.00000 -0.00000 -0.00000
   1.65975  0.61933 -0.02669 -0.93627  0.000000  0.000000  0.000000    1.0000    2.0000  0.00000 -0.00000 -0.00000
   1.66719  0.62675 -0.02623 -0.93600  0.000000  0.000000  0.000000    1.0000    2.0000  0.00000 -0.00000 -0.00000
   1.67463  0.63418 -0.02578 -0.93571  0.000000  0.000000  0.000000    1.0000    2.0000  0.00000 -0.00000 -0.00000
   1.68207  0.64160 -0.02532 -0.93542  0.000000  0.000000  0.000000    1.0000    2.0000  0.00000 -0.00000 -0.00000
   1.68951  0.64903 -0.02486 -0.93512  0.000000  0.000000  0.000000    1.0000    2.0000  0.00000 -0.00000 -0.00000
   1.69696  0.65646 -0.02439 -0.93481  0.000000  0.000000  0.000000    1.0000    2.0000  0.00000 -0.00000 -0.00000
   1.70440  0.66390 -0.02393 -0.93449  0.000000  0.000000  0.000000    1.0000    2.0000  0.00000 -0.00000 -0.00000
   1.71185  0.67133 -0.02346 -0.93417  0.000000  0.000000  0.000000    1.0000    2.0000  0.00000 -0.00000 -0.00000
   1.71930  0.67877 -0.02299 -0.93384  0.000000  0.000000  0.000000    1.0000    2.0000  0.00000 -0.00000 -0.00000
   1.72676  0.68620 -0.02252 -0.93349  0.000000  0.000000  0.000000    1.0000    2.0000  0.00000 -0.00000 -0.00000
   1.73421  0.69364 -0.02205 -0.93314  0.000000  0.000000  0.000000    1.0000    2.0000  0.00000 -0.00000 -0.00000
   1.74166  0.70108 -0.02157 -0.93278  0.000000  0.000000  0.000000    1.0000    2.0000  0.00000 -0.00000 -0.00000
   1.74912  0.70852 -0.02109 -0.93241  0.000000  0.000000  0.000000    1.0000    2.0000  0.00000 -0.00000 -0.00000
   1.75658  0.71596 -0.02061 -0.93203  0.000000  0.000000  0.000000    1.0000    2.0000  0.00000 -0.00000 -0.00000
   1.76404  0.72341 -0.02013 -0.93163  0.000000  0.000000  0.000000    1.0000    2.0000  0.00000 -0.00000 -0.00000
   1.77149  0.73085 -0.01965 -0.93123  0.000000  0.000000  0.000000    1.0000    2.0000  0.00000 -0.00000 -0.00000
   1.77895  0.73829 -0.01917 -0.93081  0.000000  0.000000  0.000000    1.0000    2.0000  0.00000 -0.00000 -0.00000
   1.78641  0.74574 -0.01869 -0.93037  0.000000  0.000000  0.000000    1.0000    2.0000  0.00000 -0.00000 -0.00000
   1.79388  0.75318 -0.01820 -0.92992  0.000000  0.000000  0.000000    1.0000    2.0000  0.00000 -0.00000 -0.00000
   1.80134  0.76063 -0.01771 -0.92945  0.000000  0.000000  0.000000    1.0000    2.0000  0.00000 -0.00000 -0.00000
   1.80880  0.76807 -0.01723 -0.92896  0.000000  0.000000  0.000000    1.0000    2.0000  0.00000 -0.00000 -0.00000
   1.81626  0.77552 -0.01674 -0.92845  0.000000  0.000000  0.000000    1.0000    2.0000  0.00000 -0.00000 -0.00000
   1.82372  0.78297 -0.01625 -0.92791  0.000000  0.000000  0.000000    1.0000    2.0000  0.00000 -0.00000 -0.00000
   1.83118  0.79041 -0.01575 -0.92735  0.000000  0.000000  0.000000    1.0000    2.0000  0.00000 -0.00000 -0.00000
   1.83864  0.79786 -0.01526 -0.92677  0.000000  0.000000  0.000000    1.0000    2.0000  0.00000 -0.00000 -0.00000
   1.84611  0.80530 -0.01477 -0.92615  0.000000  0.000000  0.000000    1.0000    2.0000  0.00000 -0.00000 -0.00000
   1.85357  0.81275 -0.01427 -0.92549  0.000000  0.000000  0.000000    1.0000    2.0000  0.00000 -0.00000 -0.00000
   1.86103  0.82019 -0.01378 -0.92480  0.000000  0.000000  0.000000    1.0000    2.0000  0.00000 -0.00000 -0.00000
   1.86848  0.82763 -0.01328 -0.92406  0.000000  0.000000  0.000000    1.0000    2.0000  0.00000 -0.00000 -0.00000
   1.87594  0.83507 -0.01278 -0.92328  0.000000  0.000000  0.000000    1.0000    2.0000  0.00000 -0.00000 -0.00000
   1.88340  0.84251 -0.01228 -0.92245  0.000000  0.000000  0.000000    1.0000    2.0000  0.00000 -0.00000 -0.00000
   1.89085  0.84995 -0.01178 -0.92155  0.000000  0.000000  0.000000    1.0000    2.0000  0.00000 -0.00000 -0.00000
   1.89830  0.85738 -0.01128 -0.92059  0.000000  0.000000  0.000000    1.0000    2.0000  0.00000 -0.00000 -0.00000
   1.90575  0.86481 -0.01077 -0.91956  0.000000  0.000000  0.000000    1.0000    2.0000  0.00000 -0.00000 -0.00000
   1.91318  0.87223 -0.01027 -0.91844  0.000000  0.000000  0.000000    1.0000    2.0000  0.00000 -0.00000 -0.00000
   1.92062  0.87964 -0.00976 -0.91723  0.000000  0.000000  0.000000    1.0000    2.0000  0.00000 -0.00000 -0.00000
   1.92804  0.88705 -0.00926 -0.91591  0.000000  0.000000  0.000000    1.0000    2.0000  0.00000 -0.00000 -0.00000
   1.93545  0.89444 -0.00875 -0.91447  0.000000  0.000000  0.000000    1.0000    2.0000  0.00000 -0.00000 -0.00000
   1.94283  0.90181 -0.00824 -0.91289  0.000000  0.000000  0.000000    1.0000    2.0000  0.00000 -0.00000 -0.00000
   1.95020  0.90915 -0.00773 -0.91114  0.000000  0.000000  0.000000    1.0000    2.0000  0.00000 -0.00000 -0.00000
   1.95752  0.91646 -0.00723 -0.90921  0.000000  0.000000  0.000000    1.0000    2.0000  0.00000 -0.00000 -0.00000
   1.96480  0.92372 -0.00672 -0.90706  0.000000  0.000000  0.000000    1.0000    2.0000  0.00000 -0.00000 -0.00000
   1.97201  0.93092 -0.00622 -0.90466  0.000000  0.000000  0.000000    1.0000    2.0000  0.00000 -0.00000 -0.00000
   1.97914  0.93802 -0.00572 -0.90196  0.000000  0.000000  0.000000    1.0000    2.0000  0.00000 -0.00000 -0.00000
   1.98614  0.94501 -0.00522 -0.89890  0.000000  0.000000  0.000000    1.0000    2.0000  0.00000 -0.00000 -0.00000
   1.99300  0.95185 -0.00474 -0.89543  0.000000  0.000000  0.000000    1.0000    2.0000  0.00000 -0.00000 -0.00000
   1.99967  0.95850 -0.00427 -0.89144  0.000000  0.000000  0.000000    1.0000    2.0000  0.00000 -0.00000 -0.00000
   2.00610  0.96492 -0.00381 -0.88684  0.000000  0.000000  0.000000    1.0000    2.0000  0.00000 -0.00000 -0.00000
   2.01225  0.97105 -0.00337 -0.88146  0.000000  0.000000  0.000000    1.0000    2.0000  0.00000 -0.00000 -0.00000
   2.01808  0.97687 -0.00295 -0.87506  0.000000  0.000000  0.000000    1.0000    2.0000  0.00000 -0.00000 -0.00000
   2.02356  0.98234 -0.00255 -0.86726  0.000000  0.000000  0.000000    1.0000    2.0000  0.00000 -0.00000 -0.00000
   2.02867  0.98743 -0.00218 -0.85740  0.000000  0.000000  0.000000    1.0000    2.0000  0.00000 -0.00000 -0.00000
   2.03341  0.99216 -0.00184 -0.84346  0.000000  0.000000  0.000000    1.0000    2.0000  0.00000 -0.00000 -0.00000
   2.03777  0.99651 -0.00152 -0.82411  0.000000  0.000000  0.000000    1.0000    2.0000  0.00000 -0.00000 -0.00000
   2.04127  1.00000 -0.00126 -0.75553  0.000000  0.000000  0.000000    1.0000    2.0000  0.00000 -0.00000 -0.00000
